1927	
598	
222	
1180	
869	
394	
776	
360	
1691	
715	
1970	
13	
243	
127	
463	
321	
1427	
1831	
1144	
33	
1404	
1798	
199	
551	
1785	
784	
1880	
393	
1520	
1662	
255	
385	
262	
648	
923	
1981	
1982	
770	
1001	
1054	
999	
1332	
1748	
1082	
1088	
1790	
1600	
1994	
1502	
571	
1452	
989	
1654	
214	
1367	
506	
659	
1380	
237	
1085	
826	
547	
1473	
519	
155	
211	
45	
1765	
364	
1773	
1611	
335	
840	
514	
444	
755	
1724	
1930	
331	
1686	
93	
1787	
1913	
1551	
1221	
633	
1087	
1522	
17	
909	
1854	
665	
151	
1253	
1366	
925	
761	
1539	
410	
1357	
218	
1689	
1176	
889	
1354	
515	
1745	
727	
1123	
130	
981	
941	
1923	
1139	
720	
24	
9	
440	
537	
1733	
1725	
422	
466	
1549	
122	
723	
1261	
646	
479	
1055	
1909	
1588	
1764	
1155	
1728	
1602	
50	
1135	
968	
1616	
1933	
153	
1225	
1163	
412	
1408	
642	
217	
478	
695	
1411	
1583	
1290	
536	
213	
1156	
684	
636	
1184	
1878	
956	
197	
1528	
156	
825	
1178	
1533	
662	
402	
627	
1328	
1061	
1604	
833	
534	
961	
1288	
1179	
356	
125	
35	
1585	
1956	
161	
550	
1143	
1806	
227	
1718	
1821	
110	
1310	
1159	
1810	
819	
1778	
831	
626	
1150	
816	
1674	
200	
1682	
1808	
113	
508	
905	
738	
900	
1735	
1870	
164	
986	
971	
457	
1329	
1317	
1340	
513	
1428	
1931	
1744	
308	
438	
1544	
1707	
1370	
406	
691	
850	
77	
453	
718	
1224	
603	
1944	
1595	
78	
1793	
903	
5	
1566	
1891	
397	
1943	
0	
1974	
417	
592	
1519	
472	
455	
1189	
1248	
118	
362	
1162	
1443	
728	
939	
546	
195	
1185	
1548	
1471	
1058	
801	
1635	
471	
1389	
528	
1734	
575	
1050	
705	
1561	
423	
583	
1358	
1700	
1344	
1093	
1680	
823	
802	
619	
1355	
357	
138	
81	
132	
897	
419	
1114	
1219	
1079	
431	
298	
1967	
1004	
1986	
972	
1241	
1346	
1091	
1948	
434	
795	
1525	
57	
1264	
998	
1167	
499	
173	
239	
165	
1795	
1650	
844	
1584	
1063	
1127	
993	
539	
828	
1807	
467	
1712	
1780	
1057	
170	
1021	
1424	
1269	
676	
1953	
1659	
1849	
339	
940	
1656	
1489	
1064	
1297	
1096	
1619	
1666	
1844	
346	
1646	
1479	
1903	
277	
1293	
405	
623	
1574	
347	
787	
1816	
663	
1341	
679	
1822	
1457	
1894	
1402	
810	
1624	
101	
224	
1978	
1128	
908	
319	
1195	
1101	
88	
1845	
1072	
1776	
932	
1081	
1012	
1112	
1812	
851	
1365	
10	
47	
612	
1024	
1552	
1893	
1747	
279	
1136	
338	
1730	
1008	
614	
470	
483	
877	
416	
1760	
915	
1337	
868	
704	
1234	
142	
645	
885	
1866	
126	
1804	
1640	
1286	
375	
1988	
1376	
1496	
933	
1426	
555	
1746	
1547	
1582	
1501	
267	
1352	
744	
1194	
1251	
381	
253	
661	
658	
1949	
443	
1405	
541	
85	
16	
1591	
1255	
1813	
1039	
1985	
995	
1535	
644	
1216	
1271	
72	
1029	
1825	
769	
1364	
68	
458	
1445	
1494	
1742	
315	
1190	
172	
835	
1186	
140	
389	
726	
1886	
1032	
188	
1046	
345	
775	
1138	
38	
449	
838	
1670	
937	
1231	
1369	
1882	
1335	
1425	
1429	
1295	
901	
542	
1280	
1779	
1534	
368	
1738	
1827	
991	
1268	
146	
693	
1327	
1331	
792	
643	
79	
1301	
1676	
855	
1510	
386	
1838	
1353	
1911	
904	
1285	
1468	
702	
1306	
1992	
994	
133	
477	
1962	
1498	
1356	
1105	
1554	
1563	
230	
599	
1633	
215	
1586	
613	
748	
1833	
960	
1031	
1695	
699	
290	
1060	
1672	
166	
622	
1245	
1824	
1247	
936	
131	
1188	
1727	
1683	
1240	
1410	
811	
970	
1067	
245	
332	
1300	
366	
1858	
1448	
1493	
893	
1483	
779	
1515	
426	
1015	
1438	
258	
690	
1556	
1455	
1458	
1375	
624	
1559	
488	
111	
1513	
549	
158	
1926	
205	
1567	
1311	
1391	
764	
135	
1206	
191	
1517	
607	
420	
742	
1161	
1478	
1291	
1572	
1592	
782	
1243	
129	
1862	
1601	
1018	
246	
637	
1527	
344	
817	
1749	
596	
103	
997	
76	
789	
963	
709	
618	
505	
1753	
1274	
895	
1653	
1791	
774	
1465	
632	
1372	
1433	
1644	
1757	
1843	
1338	
1166	
1499	
486	
891	
59	
1043	
1589	
1655	
39	
1126	
1920	
25	
856	
1298	
507	
1652	
1581	
1437	
1717	
144	
1371	
846	
1065	
758	
946	
563	
1972	
1363	
1017	
1281	
373	
1267	
1698	
1109	
1170	
98	
409	
1873	
353	
1441	
1016	
1175	
657	
369	
378	
1856	
233	
71	
747	
1141	
875	
767	
86	
229	
1797	
926	
606	
1963	
1326	
334	
561	
108	
372	
1529	
1540	
1885	
32	
1048	
12	
1202	
1708	
1900	
273	
1917	
1454	
3	
1966	
184	
1643	
1041	
1815	
916	
1939	
1597	
1089	
713	
824	
524	
564	
1781	
982	
439	
198	
1006	
783	
672	
1321	
1484	
1315	
1318	
1213	
1134	
1383	
1302	
737	
1557	
1100	
780	
1374	
1045	
1832	
1476	
210	
495	
1514	
74	
610	
1837	
1571	
271	
1172	
1678	
225	
533	
1036	
1523	
1104	
837	
1450	
1703	
1641	
517	
1918	
866	
1648	
576	
333	
1146	
1319	
1098	
587	
766	
1647	
8	
301	
1973	
1907	
441	
1770	
1230	
912	
1621	
1258	
1521	
1905	
1385	
929	
1169	
685	
834	
1783	
616	
552	
1511	
1422	
120	
395	
1165	
107	
521	
1118	
1629	
1379	
446	
297	
962	
1396	
1883	
1294	
797	
1834	
1401	
1530	
1704	
323	
447	
1323	
1277	
1075	
1203	
1668	
1699	
686	
984	
1462	
445	
1080	
1839	
716	
698	
1684	
948	
1694	
1497	
326	
1056	
1835	
281	
871	
974	
975	
302	
1168	
1842	
1359	
814	
1946	
1487	
1942	
1720	
1977	
1324	
1895	
1395	
112	
1477	
1481	
181	
771	
990	
1756	
1348	
1488	
1955	
34	
450	
722	
1639	
572	
1	
1223	
1049	
1449	
56	
454	
1256	
843	
1417	
560	
629	
1800	
677	
201	
1740	
1406	
1685	
474	
876	
532	
804	
1543	
1199	
1702	
879	
1435	
883	
145	
1578	
1743	
1775	
1542	
100	
1299	
1398	
649	
1606	
501	
931	
516	
799	
266	
1576	
1210	
219	
800	
1103	
1196	
688	
1010	
1334	
959	
1239	
654	
411	
1541	
530	
1460	
1275	
808	
31	
1386	
1133	
1235	
424	
1518	
1482	
1343	
1912	
291	
1023	
1115	
379	
562	
99	
1415	
494	
343	
365	
862	
1709	
337	
589	
1768	
992	
721	
500	
680	
743	
1205	
1208	
1615	
1991	
1246	
476	
1312	
137	
102	
1314	
1051	
1336	
316	
1322	
1259	
294	
95	
232	
403	
1110	
1040	
522	
1276	
1716	
1289	
1573	
1569	
796	
27	
1532	
456	
7	
1108	
1638	
1260	
276	
1710	
1603	
707	
586	
275	
1626	
1958	
717	
178	
363	
1316	
490	
119	
1033	
283	
1965	
567	
1504	
1207	
1345	
706	
109	
1181	
46	
791	
996	
1902	
653	
383	
543	
1011	
1867	
591	
865	
482	
82	
1947	
753	
1935	
448	
259	
1868	
317	
1766	
64	
1771	
1723	
235	
952	
1855	
1819	
22	
1952	
1500	
1444	
263	
525	
1028	
1774	
1149	
1560	
295	
398	
781	
641	
1997	
573	
67	
421	
1936	
1204	
683	
11	
1792	
1373	
1467	
1788	
21	
978	
762	
1157	
1330	
1979	
1020	
1669	
675	
252	
1153	
794	
1229	
202	
1419	
1711	
1466	
264	
570	
1675	
1617	
49	
288	
299	
1769	
884	
634	
1714	
1817	
888	
1416	
1938	
97	
863	
503	
656	
1068	
703	
1250	
435	
1594	
1630	
73	
1919	
407	
1044	
61	
1117	
256	
89	
465	
647	
1226	
208	
1069	
1198	
341	
51	
1486	
652	
535	
1786	
1579	
708	
669	
1434	
1053	
938	
558	
452	
1164	
1145	
329	
1888	
358	
36	
735	
719	
569	
1414	
163	
433	
18	
1884	
872	
1693	
1897	
655	
141	
601	
2	
1062	
1095	
62	
1282	
300	
1233	
1090	
670	
1794	
1393	
1362	
1220	
1848	
1272	
1983	
459	
681	
1929	
1960	
1124	
1901	
1263	
1713	
293	
69	
1342	
248	
983	
1270	
359	
124	
1099	
1726	
1814	
1480	
1192	
620	
485	
1152	
90	
75	
42	
429	
1840	
1387	
650	
580	
917	
104	
1491	
682	
1739	
1980	
254	
136	
1608	
741	
1828	
1193	
924	
1423	
468	
1191	
1005	
689	
1937	
1889	
1257	
1303	
754	
853	
1531	
944	
604	
815	
284	
1377	
1382	
1030	
763	
602	
1160	
1575	
1524	
1852	
701	
765	
1925	
1368	
387	
1777	
1872	
167	
1861	
660	
1508	
1989	
630	
1577	
1409	
1397	
1642	
729	
1132	
1940	
556	
878	
585	
157	
1325	
183	
91	
1697	
778	
1309	
58	
581	
193	
964	
1154	
428	
1620	
186	
1244	
117	
207	
4	
1284	
1279	
150	
949	
1238	
20	
228	
1657	
1754	
1607	
19	
733	
1580	
388	
921	
1631	
303	
182	
736	
1729	
734	
894	
143	
1614	
1361	
890	
415	
1564	
1961	
914	
1420	
859	
1038	
805	
1687	
242	
1663	
121	
625	
43	
1470	
257	
1475	
80	
750	
898	
1801	
548	
1215	
1964	
1536	
187	
1881	
1507	
1847	
1818	
1158	
460	
812	
1137	
307	
1681	
1796	
1755	
272	
464	
1906	
328	
139	
725	
1957	
216	
1512	
584	
1265	
29	
678	
803	
711	
526	
1660	
752	
538	
436	
1587	
1003	
1971	
886	
1503	
148	
730	
1830	
451	
1094	
1555	
673	
247	
540	
261	
1378	
1463	
475	
757	
1266	
1613	
1073	
1829	
325	
159	
751	
1896	
1876	
957	
1623	
63	
1874	
1915	
54	
813	
696	
1237	
189	
1820	
568	
987	
1236	
760	
818	
966	
1232	
1562	
860	
509	
1803	
1111	
1851	
391	
858	
1333	
1447	
1177	
305	
523	
714	
430	
786	
461	
1737	
1968	
954	
809	
1826	
887	
1092	
1692	
318	
1553	
1877	
832	
922	
1474	
1545	
340	
1084	
1439	
269	
1173	
1990	
241	
1934	
1211	
1634	
1034	
1392	
687	
1456	
1802	
631	
1664	
1077	
83	
234	
1850	
595	
1976	
1836	
286	
1705	
845	
1772	
480	
1871	
1083	
278	
1677	
1000	
15	
864	
793	
1078	
66	
920	
400	
1388	
1696	
976	
947	
1690	
1019	
928	
847	
745	
1283	
128	
848	
1121	
1945	
969	
579	
240	
1222	
1399	
594	
408	
462	
700	
1182	
777	
1759	
857	
980	
1853	
309	
504	
749	
44	
790	
1122	
1183	
1751	
1959	
306	
896	
327	
510	
1320	
1351	
1151	
1022	
1996	
635	
87	
226	
773	
489	
911	
1313	
282	
1784	
203	
1565	
544	
1865	
697	
1212	
206	
1217	
950	
1993	
1908	
1453	
1922	
28	
1296	
1304	
531	
759	
376	
280	
437	
518	
1841	
30	
1752	
930	
6	
1394	
1171	
1610	
274	
414	
342	
384	
204	
1721	
491	
1618	
55	
842	
1459	
348	
1074	
1107	
1106	
511	
913	
92	
640	
432	
1495	
324	
854	
52	
529	
785	
935	
527	
180	
70	
608	
367	
578	
666	
1879	
1042	
1661	
1432	
806	
96	
1719	
852	
1568	
1593	
1120	
1442	
396	
169	
1898	
1763	
1731	
545	
1384	
1350	
147	
1200	
1197	
304	
892	
1859	
65	
639	
265	
1509	
1485	
559	
160	
392	
371	
1339	
168	
1627	
1932	
1086	
497	
1007	
162	
553	
674	
1887	
176	
380	
115	
788	
1767	
1287	
41	
638	
1472	
192	
1605	
1782	
988	
1899	
977	
1904	
1066	
1741	
152	
377	
1227	
756	
1628	
1490	
114	
1148	
1706	
48	
212	
841	
26	
1506	
867	
473	
1002	
175	
557	
1688	
361	
413	
194	
1009	
1131	
492	
1119	
312	
249	
154	
668	
310	
1636	
1658	
1995	
401	
1951	
123	
1070	
220	
821	
1147	
1125	
807	
849	
1461	
481	
899	
1609	
502	
23	
484	
1400	
798	
965	
577	
260	
588	
1550	
1273	
244	
1308	
270	
1673	
873	
600	
664	
605	
1430	
882	
196	
1805	
349	
772	
190	
355	
1667	
1307	
1252	
1047	
1679	
1076	
1924	
1140	
1129	
945	
692	
374	
710	
597	
336	
621	
487	
1869	
1214	
1732	
296	
37	
14	
223	
739	
1928	
615	
919	
1969	
836	
418	
1701	
953	
566	
768	
134	
1715	
1625	
1130	
1035	
1469	
1860	
574	
902	
287	
1381	
740	
1546	
830	
1412	
958	
250	
906	
827	
746	
292	
1811	
105	
829	
1390	
1954	
1921	
822	
53	
1846	
1113	
934	
1864	
1809	
221	
1875	
493	
1228	
1590	
651	
106	
820	
1431	
1027	
1987	
1736	
712	
320	
1464	
1403	
1102	
910	
942	
1052	
881	
314	
1950	
870	
1910	
1596	
874	
967	
724	
1218	
1750	
84	
617	
590	
1013	
609	
496	
565	
861	
1758	
251	
171	
390	
370	
1187	
1799	
1174	
1722	
1649	
985	
425	
1665	
973	
1262	
399	
1651	
593	
1059	
1612	
1857	
1209	
1254	
1305	
1014	
185	
907	
1622	
382	
839	
1505	
1360	
1526	
268	
1823	
60	
520	
1516	
404	
943	
350	
628	
1984	
1421	
236	
330	
731	
322	
1413	
611	
311	
149	
1558	
927	
351	
1537	
582	
231	
554	
1025	
1598	
732	
1026	
1349	
1418	
179	
1451	
352	
1761	
1863	
427	
880	
1116	
1446	
671	
694	
1347	
1632	
1538	
1916	
1975	
209	
1249	
1242	
442	
469	
498	
313	
1071	
955	
512	
1201	
1440	
238	
354	
1570	
1436	
94	
1278	
1762	
40	
1407	
1492	
1671	
1097	
289	
1645	
285	
951	
918	
1890	
1292	
1914	
1037	
1637	
1599	
177	
1941	
1789	
1892	
1142	
174	
979	
667	
116	
